pi=3.1503150315031503
pi=3.143159143159143
