pi=3.1503150315031503
pi=3.143159143159143
pi=3.1499149914991498
pi=3.1315131513151315
